1	S2301	0	6	14	20	0		162340.11		
2	S2301	0	8	13	85	0		162369.20		
3	S2301	0	9	13	117	1		162389.31		
4	S2301	1	13	18	134	0		162407.73		
5	S2301	1	11	18	198	1		162428.12		
6	S2301	1	11	16	176	1		162447.01		
7	S2301	1	13	16	208	1		162466.17		
8	S2301	0	9	14	127	0		162485.22		
9	S2301	1	11	18	198	1		162506.41		
10	S2301	1	13	16	108	0		162525.72		
11	S2301	0	6	13	78	1		162545.75		
12	S2301	0	6	13	78	1		162564.77		
13	S2301	1	14	19	266	1		162583.59		
14	S2301	1	12	19	228	1		162602.42		
15	S2301	0	8	14	212	0		162620.96		
16	S2301	1	13	16	108	0		162640.79		
17	S2301	0	9	13	108	0		162660.86		
18	S2301	0	8	13	97	0		162679.68		
19	S2301	1	14	18	116	0		162698.71		
20	S2301	0	6	14	84	1		162717.86		
