1	S52	0	7	13	97	0		3177.46		
2	S52	0	8	12	96	1		3197.17		
3	S52	0	6	13	79	0		3214.40		
4	S52	0	8	14	120	0		3231.93		
5	S52	0	9	12	108	1		3257.75		
6	S52	1	12	18	214	0		3275.12		
7	S52	1	14	19	266	1		3295.84		
8	S52	1	12	16	192	1		3314.33		
9	S52	0	9	12	108	1		3334.69		
10	S52	0	9	12	108	1		3352.37		
11	S52	0	7	13	91	1		3369.76		
12	S52	0	9	12	108	1		3387.13		
13	S52	1	13	19	247	1		3404.46		
14	S52	0	6	14	84	1		3422.91		
15	S52	0	7	13	91	1		3440.12		
16	S52	0	9	14	126	1		3457.63		
17	S52	0	9	13	117	1		3474.94		
18	S52	0	8	13	104	1		3492.32		
19	S52	1	11	17	187	1		3509.62		
20	S52	0	7	14	98	1		3527.33		
21	S52	1	12	16	192	1		3544.44		
22	S52	1	12	19	228	1		3561.88		
23	S52	0	7	12	84	1		3579.65		
24	S52	0	9	12	108	1		3596.69		
25	S52	1	13	16	208	1		3615.09		
26	S52	1	12	16	192	1		3633.94		
27	S52	1	11	17	17	0		3651.51		
28	S52	1	14	19	266	1		3669.19		
29	S52	0	6	13	7	0		3686.82		
30	S52	0	6	13	78	1		3703.95		
