1	0.37	2.00	0.00	1.00		69321.23	69321.60	69321.66	0.05	
2	0.29	2.00	0.00	1.00		69322.81	69323.10	69323.27	0.17	
3	0.30	2.00	1.00	0.00		69324.44	69324.73	69324.80	0.07	
5	0.26	1.00	1.00	1.00		69329.30	69329.55	69329.80	0.25	
6	0.34	2.00	1.00	0.00		69331.06	69331.40	69331.46	0.06	
8	0.25	2.00	1.00	1.00		69335.85	69336.10	69336.33	0.23	
9	0.29	1.00	1.00	0.00		69338.43	69338.72	69338.82	0.10	
10	0.29	1.00	1.00	1.00		69340.26	69340.55	69340.76	0.21	
11	0.37	2.00	0.00	1.00		69342.47	69342.84	69343.02	0.18	
13	0.35	1.00	0.00	0.00		69347.06	69347.41	69347.49	0.08	
14	0.40	1.00	0.00	0.00		69348.72	69349.11	69349.36	0.25	
15	0.23	1.00	1.00	1.00		69350.63	69350.85	69351.11	0.26	
16	0.28	2.00	0.00	1.00		69352.43	69352.71	69352.82	0.10	
17	0.39	2.00	0.00	1.00		69354.03	69354.43	69354.60	0.18	
18	0.29	1.00	0.00	0.00		69355.77	69356.05	69356.13	0.08	
19	0.24	2.00	1.00	0.00		69357.98	69358.22	69358.27	0.05	
20	0.32	2.00	1.00	0.00		69359.68	69360.00	69360.18	0.18	
