1	0.26	1.00	1.00	1.00		161896.99	161897.25	161897.70	0.45	
2	0.32	1.00	1.00	0.00		161898.89	161899.21	161899.57	0.35	
3	0.24	2.00	0.00	1.00		161901.44	161901.68	161902.05	0.38	
4	0.38	2.00	1.00	1.00		161903.69	161904.07	161904.54	0.47	
5	0.28	1.00	1.00	1.00		161905.68	161905.96	161906.49	0.54	
6	0.22	2.00	1.00	1.00		161907.76	161907.98	161908.44	0.46	
7	0.24	1.00	1.00	1.00		161909.62	161909.86	161910.31	0.45	
8	0.34	1.00	1.00	1.00		161911.59	161911.93	161912.41	0.48	
9	0.25	2.00	1.00	1.00		161913.72	161913.97	161914.36	0.39	
10	0.31	1.00	0.00	0.00		161915.65	161915.97	161916.35	0.39	
11	0.30	2.00	1.00	1.00		161917.61	161917.91	161918.33	0.42	
12	0.20	2.00	1.00	1.00		161919.44	161919.64	161920.09	0.45	
13	0.37	1.00	1.00	1.00		161921.18	161921.55	161921.90	0.35	
14	0.36	2.00	1.00	1.00		161923.00	161923.36	161923.67	0.31	
15	0.28	1.00	0.00	0.00		161924.79	161925.07	161925.41	0.34	
16	0.30	1.00	0.00	0.00		161926.53	161926.83	161927.35	0.52	
17	0.28	1.00	1.00	1.00		161928.38	161928.66	161929.04	0.38	
18	0.29	1.00	0.00	0.00		161930.21	161930.50	161930.84	0.34	
19	0.21	1.00	1.00	1.00		161932.00	161932.21	161932.59	0.38	
20	0.21	2.00	0.00	1.00		161933.73	161933.93	161934.21	0.29	
21	0.25	1.00	1.00	1.00		161935.32	161935.57	161935.92	0.35	
22	0.21	1.00	0.00	0.00		161937.03	161937.23	161937.55	0.32	
23	0.34	2.00	1.00	1.00		161938.69	161939.03	161939.36	0.33	
24	0.28	2.00	0.00	1.00		161940.47	161940.74	161941.00	0.26	
25	0.30	1.00	1.00	1.00		161942.11	161942.41	161942.76	0.35	
26	0.33	2.00	0.00	1.00		161943.83	161944.15	161944.41	0.26	
27	0.26	1.00	1.00	1.00		161945.50	161945.77	161946.08	0.32	
28	0.37	1.00	1.00	1.00		161947.53	161947.89	161948.24	0.36	
29	0.33	2.00	1.00	1.00		161949.53	161949.86	161950.18	0.33	
30	0.38	2.00	0.00	1.00		161951.40	161951.78	161951.99	0.21	
