1	0.29	2.00	1.00	1.00		162049.17	162049.46	162049.78	0.31	
2	0.26	1.00	0.00	0.00		162050.78	162051.04	162051.29	0.25	
3	0.37	2.00	0.00	1.00		162052.32	162052.69	162053.04	0.35	
4	0.26	2.00	0.00	1.00		162054.13	162054.38	162054.66	0.28	
5	0.26	1.00	0.00	0.00		162055.71	162055.96	162056.22	0.26	
6	0.23	2.00	1.00	1.00		162057.25	162057.48	162057.75	0.27	
7	0.21	1.00	1.00	1.00		162058.75	162058.96	162059.18	0.22	
8	0.33	1.00	0.00	0.00		162060.29	162060.61	162060.82	0.21	
9	0.22	1.00	0.00	0.00		162061.96	162062.18	162062.42	0.23	
10	0.32	2.00	1.00	0.00		162063.44	162063.76	162063.82	0.05	
11	0.36	1.00	1.00	1.00		162065.02	162065.38	162065.57	0.19	
12	0.26	2.00	0.00	0.00		162066.65	162066.91	162067.12	0.21	
13	0.28	2.00	0.00	1.00		162068.15	162068.43	162068.91	0.48	
15	0.22	1.00	0.00	0.00		162072.81	162073.02	162073.42	0.40	
16	0.32	2.00	0.00	1.00		162074.45	162074.77	162075.07	0.30	
17	0.22	2.00	0.00	1.00		162076.18	162076.40	162076.57	0.17	
18	0.25	2.00	0.00	1.00		162077.55	162077.80	162078.11	0.30	
19	0.24	2.00	0.00	1.00		162079.19	162079.42	162079.68	0.25	
20	0.25	1.00	1.00	0.00		162080.79	162081.04	162081.20	0.16	
21	0.40	2.00	1.00	0.00		162082.24	162082.63	162082.82	0.19	
22	0.36	2.00	1.00	1.00		162083.98	162084.33	162084.59	0.26	
23	0.22	1.00	0.00	0.00		162085.58	162085.80	162086.11	0.31	
24	0.37	1.00	1.00	1.00		162087.14	162087.51	162087.73	0.22	
25	0.27	1.00	1.00	1.00		162088.71	162088.98	162089.21	0.23	
26	0.26	1.00	1.00	1.00		162090.31	162090.56	162090.84	0.28	
27	0.36	1.00	0.00	0.00		162091.92	162092.28	162092.43	0.15	
28	0.28	2.00	1.00	1.00		162093.58	162093.85	162094.10	0.24	
29	0.29	2.00	1.00	1.00		162095.10	162095.39	162095.65	0.27	
