1	0.27	2.00	0.00	0.00		1830.03	1830.32	1830.48	0.16	
2	0.24	2.00	0.00	1.00		1831.73	1831.97	1832.05	0.08	
4	0.21	2.00	0.00	1.00		1836.18	1836.38	1836.60	0.21	
5	0.30	2.00	1.00	0.00		1837.72	1838.02	1838.20	0.18	
6	0.31	2.00	1.00	0.00		1839.52	1839.83	1840.09	0.26	
7	0.22	1.00	0.00	1.00		1841.82	1842.04	1842.38	0.35	
8	0.26	2.00	0.00	1.00		1844.33	1844.59	1845.04	0.45	
9	0.37	2.00	0.00	1.00		1846.24	1846.60	1846.91	0.31	
10	0.36	2.00	0.00	1.00		1848.17	1848.53	1848.86	0.33	
12	0.29	2.00	1.00	0.00		1853.12	1853.41	1853.62	0.20	
13	0.32	1.00	1.00	1.00		1854.90	1855.22	1855.56	0.33	
14	0.29	2.00	0.00	0.00		1857.02	1857.30	1857.75	0.46	
15	0.24	1.00	0.00	0.00		1859.01	1859.25	1859.70	0.45	
16	0.37	2.00	0.00	0.00		1861.00	1861.36	1861.73	0.37	
17	0.39	1.00	1.00	1.00		1863.12	1863.50	1863.73	0.23	
18	0.29	1.00	0.00	0.00		1865.31	1865.59	1865.95	0.36	
19	0.21	2.00	1.00	1.00		1867.33	1867.53	1867.87	0.33	
20	0.39	2.00	1.00	1.00		1869.10	1869.49	1869.74	0.25	
21	0.26	2.00	1.00	1.00		1871.04	1871.30	1871.55	0.26	
22	0.36	1.00	1.00	1.00		1872.79	1873.15	1873.45	0.30	
23	0.27	1.00	1.00	0.00		1874.69	1874.96	1875.12	0.16	
24	0.37	2.00	1.00	1.00		1876.47	1876.83	1877.16	0.33	
26	0.27	1.00	0.00	0.00		1881.89	1882.15	1882.41	0.26	
27	0.23	1.00	1.00	0.00		1883.70	1883.93	1884.08	0.15	
28	0.23	2.00	1.00	1.00		1885.38	1885.61	1885.87	0.26	
29	0.31	2.00	1.00	1.00		1887.06	1887.36	1887.76	0.40	
30	0.21	2.00	0.00	0.00		1888.87	1889.08	1889.42	0.34	
