1	0.33	2.00	1.00	0.00		2098.24	2098.56	2098.78	0.22	
2	0.30	2.00	1.00	1.00		2099.82	2100.11	2100.43	0.33	
5	0.28	1.00	0.00	0.00		2107.07	2107.35	2107.66	0.31	
6	0.35	1.00	0.00	0.00		2108.83	2109.18	2109.41	0.23	
7	0.32	2.00	0.00	1.00		2110.45	2110.77	2111.07	0.30	
8	0.36	1.00	0.00	0.00		2112.19	2112.54	2112.73	0.20	
9	0.29	2.00	0.00	1.00		2113.81	2114.09	2114.29	0.21	
10	0.21	2.00	1.00	1.00		2115.48	2115.69	2116.05	0.37	
11	0.24	2.00	0.00	1.00		2117.18	2117.42	2117.80	0.38	
12	0.37	2.00	1.00	0.00		2118.91	2119.27	2119.60	0.32	
13	0.22	2.00	1.00	1.00		2120.69	2120.91	2121.36	0.45	
14	0.23	2.00	1.00	1.00		2123.07	2123.30	2123.72	0.42	
15	0.28	1.00	1.00	1.00		2124.85	2125.13	2125.45	0.32	
16	0.33	2.00	1.00	1.00		2126.70	2127.03	2127.34	0.31	
17	0.22	2.00	0.00	1.00		2128.58	2128.79	2129.23	0.44	
18	0.22	1.00	0.00	0.00		2130.30	2130.52	2130.82	0.30	
19	0.36	1.00	0.00	0.00		2132.59	2132.94	2133.24	0.30	
20	0.22	2.00	0.00	0.00		2134.76	2134.97	2135.16	0.19	
21	0.30	2.00	0.00	1.00		2137.35	2137.65	2137.75	0.09	
22	0.33	1.00	1.00	1.00		2138.95	2139.28	2139.56	0.28	
23	0.25	1.00	0.00	0.00		2140.67	2140.92	2141.19	0.27	
24	0.32	2.00	0.00	0.00		2142.34	2142.65	2142.93	0.29	
25	0.27	1.00	0.00	0.00		2144.17	2144.43	2144.73	0.30	
26	0.30	1.00	1.00	1.00		2145.98	2146.27	2146.59	0.32	
27	0.33	1.00	1.00	1.00		2147.86	2148.19	2148.49	0.30	
28	0.29	1.00	1.00	1.00		2149.62	2149.91	2150.21	0.29	
29	0.35	1.00	1.00	1.00		2151.36	2151.70	2151.93	0.22	
30	0.40	1.00	0.00	0.00		2153.10	2153.49	2153.81	0.32	
